1,100,'56282.148723',155,156,157,158,159,160,161,162,163,164,165,166,167,168,169,170,171,172,173,174,175,23,176
1,100,'68028.187289',177,178,179,180,181,182,183,184,185,186,187,188,189
1,101,'56282.148723',190,191,192,193,194,195,196,197,198,199,200,201,202,203,204,205,206,207,208,209
1,101,'68028.187289',210,211,212,213,214,215,216,217,218,219,220,221,222
1,109,'56275.160173',250,72
1,109,'56282.148723',223,224
2,200,'56282.148723',73,74,75,76,77,78,79,80,81,82,83,84,85,86,87,88
2,200,'68028.187289',89,90,91,92,93,94,95,96,97,98,99,100
2,201,'56282.148723',101,102,103,104,105,106,107,108,109,110,111,112,113,114,115,116
2,201,'68028.187289',117,118,119,120,121,122,123,124,125,126,127,128
3,300,'56282.148723',225,226,227,228,229,230,231,232,233,234,235,236,237,238
3,300,'68028.187289',239,240,241,242,243,244,245,246,247,248,249
